32 33 34 
0 1 
30 
32 33 34 
0 1 
31 
35 33 34 
0 1 
31 
35 33 34 
0 1 
30 
34 
0 1 
31 
34 
0 1 
30 
36 33 37 
0 2 
31 
36 33 37 
0 2 
30 
37 
0 2 
31 
37 
0 2 
30 
38 33 37 
0 2 
31 
38 33 37 
0 2 
30 
36 33 39 
0 3 
30 
39 
0 3 
31 
39 
0 3 
30 
38 33 39 
0 3 
30 
38 33 39 
0 3 
31 
32 33 40 
0 4 5 
30 
32 33 40 
0 4 5 
31 
32 33 41 
0 4 6 
30 
32 33 41 
0 4 6 
31 
42 33 40 
0 4 5 
31 
42 33 40 
0 4 5 
30 
32 33 41 
0 6 
30 
43 
0 4 
30 
43 
0 4 
31 
44 
0 4 
30 
44 
0 4 
31 
45 
0 4 
30 
45 
0 4 
31 
44 
0 4 
30 
45 
0 4 
30 
46 33 47 33 48 
0 7 
30 
8 33 49 
0 8 
30 
46 33 50 33 51 
0 9 
30 
52 33 53 33 54 33 55 
0 10 
30 
56 
0 10 
30 
57 
0 10 
30 
32 33 58 33 59 33 60 
0 11 
30 
32 33 58 33 59 33 61 
0 12 
30 
32 33 58 33 62 
0 13 
30 
32 33 63 33 64 
0 14 
30 
32 33 65 33 66 
0 15 
30 
32 33 63 33 67 33 60 
0 16 
30 
32 33 63 33 67 33 61 
0 17 
30 
32 33 63 33 68 
0 18 
30 
32 33 65 33 69 
0 19 
30 
70 71 72 33 73 33 58 33 59 33 60 
0 11 20 
30 
70 71 72 33 73 33 58 33 59 33 61 
0 12 20 
30 
70 71 72 33 73 33 58 33 62 
0 13 20 
30 
70 71 72 33 73 33 63 33 64 
0 14 20 
30 
70 71 72 33 73 33 65 33 66 
0 15 20 
30 
70 71 72 33 73 33 63 33 67 33 60 
0 16 20 
30 
70 71 72 33 73 33 63 33 67 33 61 
0 17 20 
30 
70 71 72 33 73 33 63 33 68 
0 18 20 
30 
70 71 72 33 73 33 65 33 69 
0 19 20 
30 
74 33 75 
0 21 22 
30 
76 33 77 
0 23 24 
30 
78 33 75 33 65 33 79 
0 25 26 
30 
80 33 81 
0 21 22 23 24 25 26 
30 
70 71 72 33 73 33 82 
0 27 28 25 29 20 
30 
80 33 82 
0 27 28 25 29 
30 
74 33 83 
0 27 28 
30 
74 33 82 
0 27 28 
30 
84 33 82 
0 25 29 
30 
